version https://git-lfs.github.com/spec/v1
oid sha256:555ea77095a0efae4df9779f3e77e0985c6091a263ae8a0698a97b3888e8427b
size 2037
